0.09210331032973725
0.0762358752758409
0.13074508717000172
0.10015024304703322
0.09847154416707736
0.10161668742405833
0.10701522493005991
0.06245814351322061
0.10542195709135062
0.07379910221467856
0.1046957551954947
0.12236756955075145
0.06886820664614787
0.08790706057344441
0.06480785499541877
0.10815250125661661
0.08394765573245141
0.12978066167718916
0.1271011378188054
0.06667696843786229
0.11251418168872136
0.11343464207410833
0.08196936087611788
0.09868601090345527
0.10164655952558008
0.1269905922207078
0.10832061034884741
0.09752132362503416
0.07030037510658659
0.10901773286207962
0.11336645920601492
0.10907733807297709
0.10786299215906711
0.1088376089099267
0.10954392395521977
0.11112614746311159
0.09683091826861424
0.10271873054469727
0.13599930921067993
0.12546883169000453
0.09702911884583423
0.09889382662264858
0.08384907321397718
0.11036312682214199
0.12057767776620358
0.09800235486377654
0.09362317666565012
0.12461265698995563
0.10712446380153119
0.10413574318003711
0.1307439398321918
0.10878939874836317
0.09407831747908289
0.08841899325725996
0.10454039185233838
0.06353680217167898
0.10261440374193434
0.09092562616063306
0.12608454469487718
0.10192869037483192
0.06402577282741748
0.09744161130395355
0.07287856787500085
0.10230597009853955
0.1066223469900964
0.10786604673041579
0.11210929803034865
0.10836398646968365
0.1041557614412079
0.10930277106757869
0.11347102352209366
0.09637137297181256
0.08540495900818695
0.12805349627884824
0.12833156246510902
0.06213801579038456
0.07204863586943785
0.06775444209558232
0.09644730181802227
0.07612881213246961
0.0900404401985635
0.09674723429231749
0.10564110540674032
0.08224826979696591
0.09652330280932167
0.07884057787723832
0.10987980088580011
0.1258945222135657
0.14011117387263555
0.073125569397342
0.08963531447017029
0.07090551180902217
0.10636542764541024
0.09307761827174943
0.12283439513092688
0.11280372998433426
0.11552163772942964
0.09991944203632681
0.08352532189572127
0.0969246947170249
