0.10220428563212461
0.1054267078305558
0.07636324281448456
0.07826721871425901
0.0883298797819175
0.10712249930509793
0.1040929703205562
0.1002631573401244
0.09240821226017631
0.10715056432837411
0.12468460690647878
0.07265146675459694
0.11621834661607967
0.11026480344214246
0.10527847694662562
0.11651955936433284
0.1047225499902236
0.13422345787083223
0.06691913749165079
0.12067799705306474
0.11447177294049955
0.07319485290378572
0.08912683279373135
0.11788968388066007
0.10407949043026103
0.11944279900438129
0.09518544138530177
0.12433018931001866
0.12703762056493875
0.09290717794773734
0.12535481776567303
0.1320050021011055
0.06406340453115758
0.16309562338538475
0.09115321678937928
0.11910780375723096
0.07554566112807831
0.10142447236182267
0.048345106193454106
0.0799369206247907
0.13864691159267983
0.08545183894619024
0.05972398043445961
0.061323734993916766
0.10063268030556748
0.08886404638895046
0.12301252904386813
0.08870818252812064
0.04532092789429405
0.0932790831031312
0.10496259640039676
0.08439075508386008
0.12482262768014762
0.0900871544056119
0.09308162282548377
0.10135861421080927
0.1286241909230514
0.1067051010922124
0.08703322199734191
0.09724954398126377
0.10901439020341361
0.1311491152055801
0.08957655543188832
0.08598748702517965
0.10160647196652868
0.08656696313011895
0.09749113523389874
0.07319606582369614
0.09542445302173465
0.13382670745883452
0.08667875273721068
0.12439477627202596
0.11730632452629028
0.09878810155485877
0.06946488474291561
0.12067712572733907
0.114410855518206
0.1399702749191597
0.09192948252365525
0.09021638981346897
0.09606531075794048
0.09946703476049998
0.12902517322040286
0.10536900528532987
0.0959758875218668
0.08139867226209863
0.12179719591491395
0.11523788432011031
0.07629433995610438
0.10763920122256074
0.11835752498615179
0.06514189026551974
0.10847518767216778
0.09004932677885638
0.0901665554578552
0.09320877424560199
0.12049462982722417
0.10143210137800833
0.12787483307835104
0.057055211163799115
0.10622753542316182
0.09445490918333982
0.08812517846560991
0.10245985018463658
0.11173255832351642
0.08100891690630385
0.09750588831009582
0.10622059310460347
0.10178810729126848
0.10725171980861761
0.14081330037619122
0.10402126481447876
0.11637762234796088
0.0874630435363591
0.12962436087042492
0.09705772783546611
0.10779923545797183
0.1277311372516176
0.08347370762706247
0.08747559089994257
0.13651678541575368
0.10762003938740172
0.12481873971872613
0.09718380323639969
0.11372456649706603
0.08411168325311598
0.07425635053791409
0.09721835854640205
0.09685110160358348
0.08748123071499023
0.0966537353596903
0.08061596654009093
0.11883364968124216
0.07853125359888666
0.11102229470085279
0.11114819981031335
0.1353596373286346
0.09201117872567974
0.11630346596667601
0.11541812325307904
0.10194557646499132
0.11315031117426519
0.0546250380059264
0.09488670525611316
0.09032810158228058
0.09752330039621027
0.10329124638430386
0.11036310933646754
0.08438393840466117
0.10095653600107038
0.10428936742695595
0.09962871540088662
0.08822900314745952
0.12239676358664814
0.11108972583967963
0.07502535963268532
0.07352587082902451
0.08572962922581766
0.11437916502739529
0.08075099413029682
0.12365383842951713
0.07621719499986444
0.13711693335113073
0.08583367594122701
0.1222837227657364
0.10573183602008998
0.09173680147756617
0.13642006722461428
0.13149104737410672
0.09149975465764712
0.13156931908889752
0.0932317903253357
0.09162681095019459
0.118852436734866
0.11061799009800138
0.10592479816837291
0.12074768853647666
0.09108736143001495
0.08254179749454185
0.09848363965725489
0.08749170154281115
0.0921182712258149
0.10476459563829366
0.06561913585194956
0.13261574543377067
0.07342268170686594
0.07539442049177691
0.12502590158782684
0.1119477099319871
0.09073572416587164
0.10626571281043538
0.08243185153585618
0.06628988498060316
0.06592169198062776
0.10045354440631026
0.10728038784694915
0.08799325466865951
0.10294930968228048
0.10431741821530513
0.10796412293767949
0.11817279141860758
0.08615629251346477
0.10767977815318501
0.10120101646343502
0.08332790403107053
0.12048847682540431
0.12309892587641527
0.06066148130049046
0.0983591720043939
0.10103837217989822
0.11225840010134999
0.08226624065836462
0.11137142172769718
0.11428230473612211
0.06938075164881877
0.11508782925813506
0.08249025034073058
0.12744439209657246
0.08083274100247394
0.10051429852620995
0.1362420823809382
0.13759622644793829
0.10832754905956163
0.1375264098880138
0.10957208761509542
0.11007455871555161
0.11263375614636818
0.11376196428585804
0.11776508137302996
0.0724366171162754
0.0875480089838603
0.09260693588883617
0.09938330528072384
0.09872191193970288
0.12001212133372019
0.10133243612294954
0.10372392017165338
0.12468327984369877
0.13538504916436883
0.08776906752051
0.06970014737681245
0.09431810802128965
0.12795296588051824
0.07053769629817117
0.11397199702603307
0.0804971507442292
0.07778773818243728
0.059124320673556635
0.10000636200872395
0.07915797406274579
0.09953076385720036
0.12271805862800952
0.10789662689707519
0.10075088103228169
0.13851665719772302
0.11444043995370953
0.10882905388627158
0.11964125043618262
0.11106511651891529
0.08529632375997112
0.11766754603037302
0.09715411237104746
0.08800002514323475
0.1128166417379547
0.10273625253049554
0.11905944633047631
0.10106881507420655
0.06144662438850674
0.0733998798001605
0.09425608693564222
0.11761613771282808
0.14763692327077602
0.12639631075203978
0.1068323038224432
0.10150844646899818
0.0629860409112049
0.1058688202782003
0.11134272606337542
0.04571234511161598
0.1225839308516731
0.08580111553383973
0.09063161781836583
0.11698073001057992
0.09061583525745631
0.11779755553486428
0.09559187951283145
0.06848758186308004
0.09038491149231251
0.10276114578703019
0.09501213320782767
0.104715037774481
0.13320166823325047
0.025054784634433988
0.07813118715240963
0.09447973363854816
0.08961249766173868
0.08657733779023723
0.09545525825143218
0.11484018753799567
0.0909061589363315
0.11710135185277291
0.1002168640210186
0.04406395395852966
0.05875698392442757
0.0961891983350357
0.07045331643804256
0.0836560925293966
0.046435348970229516
0.1012906337867022
0.1255584372458845
0.1253328852025115
0.09359491499145985
0.08693110626338733
0.07064586466784897
0.07623716722572535
0.07611478267563752
0.09461448074269968
0.08133203905528355
0.1249246330792136
0.10265309782629845
0.11762014058042672
0.11711949257903148
0.08947559756091177
0.09843568730974052
0.08622200726248397
0.1384017686924887
0.08524094119390797
0.06907938949409866
0.10029966610048273
0.10133088696301067
0.058169681186992304
0.08555524108778867
0.13236924445317805
0.11395633970094321
0.06104361860496182
0.051669196682478595
0.09406993294641584
0.09960825521256052
0.14266933803157805
0.0867610420879332
0.1046386334547441
0.0773806109928662
0.08047998205712134
0.1090511103980036
0.10047214253954848
0.11684204821416432
0.098867443643973
0.09168641526312188
0.1119222190817881
0.13344629331150215
0.11314073374060504
0.10627419672506691
0.10856821767174353
0.10450181028768155
0.07793202827379676
0.10073189341161583
0.08182058526670354
0.0890808245484461
0.06063156434151033
0.09879785570692555
0.09690547667524875
0.11053075630651243
0.12164763290464434
0.0686244303072895
0.07099250494923971
0.11122897209292702
0.11247615608247762
0.06492344221890137
0.11042632754410087
0.06213753179937619
0.11197776437263568
0.10324153372284894
0.08234843225377467
0.10050667912317797
0.10804145523297601
0.12712162188911466
0.10676183794503727
0.11068595150194352
0.1042077818729885
0.1304943159924191
0.0772555090166098
0.12748074946095067
0.05753693545370704
0.0818878815904964
0.11353155343866124
0.11334794284459687
0.08605149620262645
0.0922394544311897
0.09642628718083292
0.0690405464276864
0.12050986802874088
0.12157236795491906
0.09754245817216237
0.08303445283032512
0.11370180476189654
0.08636781336957684
0.10395336079547349
0.10060816529654523
0.09255955700454309
0.10668335657876063
0.09919189099069946
0.11257696427008902
0.08879997816977858
0.07799267199634433
0.05374250303760901
0.11500152543947535
0.1272355317234339
0.0721658518869015
0.0764359686981892
0.07555803493802454
0.1230639518894047
0.058730729736431474
0.11944260033368777
0.10585794110952869
0.10653855073502748
0.10432309837717066
0.0839318855139714
0.10583058356479634
0.0878432029963248
0.10746792319657728
0.11282194893771295
0.1321783336528914
0.09813750291135333
0.07737182297409452
0.1108044580494032
0.10073932876741791
0.09206319205409837
0.0939858061495477
0.09918589821336304
0.10075914738474025
0.1193911102085483
0.0687067230053691
0.10271099473669752
0.06139340935322526
0.11681278796904726
0.11331969167272993
0.07440624541052544
0.1148260302679928
0.10523339012767385
0.08346403685737669
0.06541560454578862
0.1366774994512672
0.08018051631720517
0.13829304641688173
0.10205689772521194
0.12170349374537817
0.13871107722466414
0.13000836258851106
0.13680854502874107
0.08133727747379783
0.09079984069526642
0.13386509078209702
0.0913366676838848
0.11773233088412728
0.1276179565306968
0.09412224220606535
0.10000522397453795
0.12115537376359481
0.12339850909748676
0.12584515447528868
0.14189769849768732
0.11009146021965754
0.1037230415871869
0.11563347960425743
0.11371037214733112
0.1105265256130234
0.08485118887945685
0.07644645410780387
0.0988918785320915
0.0676977632044034
0.0908431153301425
0.09763848869494617
0.08017645145895136
0.12227453800228771
0.09444147400700069
0.08440421448083858
0.10316411439426565
0.11773558545604897
0.08302234282427656
0.11227019609370908
0.11389063263217154
0.0953707682596775
0.06813419957312804
0.08919665710298143
0.10044706731306816
0.08830443285929285
0.09437841392938001
0.08855825255777491
0.10738363945555145
0.11080955993795186
0.1245300037391344
0.10268417714395134
0.0859127930503497
0.11871741748153974
0.10180195567903651
0.07959862828055467
0.11110203249214327
0.047938362451084765
0.09699567028728263
0.09263868519653941
