0.09491638875442612
0.07925741417361823
0.1186674913227652
0.09813192112041304
0.12157013272128557
0.08811043787475156
0.0904016626355816
0.06673310608565411
0.12351260355837887
0.10107695228642573
0.07666605662251236
0.11970748002319072
0.10091030503342895
0.11660399700936572
0.11444799601990929
0.08511843058040386
0.12447993768661868
0.0670405625291295
0.093170798108875
0.10051305512666273
0.10416825639626906
0.06773506566262012
0.11024125957517632
0.11622689546705321
0.12433943232843025
0.0785044935905301
0.06934986824958561
0.10438857508343646
0.10908763925216022
0.12349519980665019
0.10597802017222926
0.11739042245203496
0.041624868392344194
0.08984524778540896
0.07282521063304073
0.09586021479953791
0.06700939441465908
0.08256885555293854
0.09496951299357202
0.09517050501956612
0.11997191865760432
0.08734632311350313
0.09908618188478305
0.11712300531483597
0.04444772051839867
0.1130572241846539
0.11304994780858404
0.07998092405080036
0.08822418743712478
0.09008166083627228
0.10924236805603564
0.08149736215882143
0.11821609978790858
0.08790767107629434
0.06733215643272286
0.11515328463525318
0.08364971876732709
0.10250955792659197
0.08139754348902734
0.09504760605066657
0.08132573357066027
0.12156171895840362
0.15512016924413952
0.08603645525608478
0.12496199227493313
0.09195046345560964
0.10213840368729168
0.0839844105987459
0.09635838010542568
0.0610813656722197
0.09214299009505306
0.09090476224287615
0.09403042178553939
0.0789420922168255
0.1059670340458416
0.09884615073693673
0.09676501729107057
0.09286969134065615
0.0876198662836601
0.06574850237485011
0.0916064212465169
0.10243528039886268
0.09115228369599469
0.05891035820196882
0.11459626176316884
0.10510375040848656
0.14853974870790546
0.1139355047305179
0.10681161311521423
0.042041561035378615
0.11476006528551011
0.07929894360789777
0.10215851173965527
0.09616980580126969
0.11350408489808497
0.11234804112513487
0.05553836078863267
0.09543381907935326
0.0934342191966638
0.07205774365645778
0.12013950088064293
0.08776264354649423
0.1031762595145608
0.10371193780330953
0.07585248910083864
0.11841583278586033
0.11933727748891294
0.09697921195795196
0.11410220630282482
0.08756036268290887
0.09251852284560419
0.08255912566028928
0.1287409557247326
0.11356869866108013
0.11125802509077154
0.10683724522748773
0.11772598845601467
0.09359079562302705
0.09315678217149392
0.09073462036607806
0.10550496739306442
0.06647397115884705
0.07557159191442996
0.09251729202610662
0.12491619955097734
0.10154712725159348
0.11413279921498927
0.08835004608826785
0.09329083688716283
0.06463453205263799
0.1075537312071654
0.11383176064903522
0.10992843097560037
0.09614843079092607
0.0913209724791954
0.10415173996283975
0.11491846319496193
0.10629782925261154
0.05092994784539892
0.11857049702707632
0.06596325479232265
0.12103883311897592
0.11616878084369027
0.11023153346241708
0.10907919704819757
0.08861080677857629
0.10712810334166036
0.09170260850240615
0.11959588346014638
0.1115781854665304
0.10737172757181623
0.10322706181306066
0.12544404832538825
0.0895026814813697
0.07949986118796548
0.07051429251528275
0.08916532029225128
0.12594662954806715
0.06183495619933379
0.1163153986326301
0.09858454172659481
0.0987921302171463
0.11607601646571744
0.11838833249255454
0.09223069557996423
0.158551050308447
0.10367399739777992
0.08540632559577391
0.10114170059729417
0.09942460843775063
0.07156008821485538
0.1315354806773953
0.12102821376763237
0.12012717232572294
0.09243956793815561
0.12537496309684856
0.08644304750522663
0.08620051705650562
0.10012979377616257
0.10859260891541028
0.10282091204399395
0.09986738165070656
0.11763847071783537
0.11655257629932816
0.10783433212079355
0.11238681728922634
0.087723109696018
0.14375694470341763
0.11322222805847623
0.11145222422426167
0.10725385414575217
0.08404719756797957
0.10319580255328523
0.12071427677717875
0.08449939037879484
0.0843626824707699
0.09006356098160057
0.044695299800732585
0.11198348584325661
0.0819294266810455
0.06976107324160588
0.09103564134359239
0.06783371055584955
0.09103338422247165
0.06984753843153854
0.05830697325293125
0.1159746595982361
0.09821219789928054
0.09847248041385398
0.06423845226883919
0.08840514876753536
0.11837282423247625
0.09392700801492612
0.057485429290965916
0.06836085241098057
0.11349092657772986
0.12438837472046446
0.09013390446711692
0.10705992063355438
0.11082436698288951
0.08911691932377996
0.1221983031204552
0.1082999210975466
0.10311579115576036
0.1068765015251956
0.08973325230480603
0.14522705724150198
0.09777819139224216
0.07278043480084993
0.08552485880359349
0.12769416269311631
0.0815619692101412
0.0787212441963996
0.08844273886317325
0.07672175268170678
0.09711395476039995
0.08961508185325605
0.12142343685581822
0.1007672373573791
0.11446038369026143
0.08410039103281226
0.10147043421191201
0.1067069475228701
0.10528139782171077
0.11558069076909537
0.1021851663024414
0.07829091905819023
0.07602158019181394
0.06696702060376641
0.103674619739343
0.06767439144523531
0.09917484804488866
0.0647549277926853
0.11716833035395119
0.08342917769344826
0.0987874557072261
0.09400744498690845
0.09419628137805294
0.10543932274329605
0.11316516560675276
0.09193289422494802
0.09376299142826343
0.12310684128446873
0.10374645444143646
0.11331545537044617
0.06346493397537081
0.08977714748821919
0.11076750217213188
0.0918799780325891
0.09666132127764003
0.12451652317959486
0.10689055857740816
0.08727331153314573
0.09160652719155177
0.0971384932265087
0.08267267924876026
0.08363116789643339
0.09726238788652658
0.09771007959196135
0.0975862052588669
0.07580221843055196
0.14348563531820935
0.13548359445497796
0.08338907637557097
0.12303740410440148
0.08837254216622066
0.10144328122663111
0.10444262132645335
0.11281508002037526
0.10379967549052233
0.1265455330604605
0.06309281225552915
0.10728972345134952
0.13265739016522282
0.13382671808455282
0.08638495299914932
0.11799915909112693
0.08346459818641908
0.12534666904189848
0.08829105734635294
0.09056112369889753
0.10521844520699292
0.10787004154741014
0.07733221410301244
0.08616250756082593
0.11317821620051877
0.08802725605077033
0.05329552201822572
0.09286972513471191
0.08546799072703304
0.10750266624787645
0.0912048678452238
0.10159124438966748
0.08421627171652701
0.08445543450636364
0.12100142853312143
0.13848764332822844
0.07340086738541443
0.13360975229392194
0.12858228411197414
0.10423872875899927
0.08545330839463038
0.10672522455634835
0.11445732825825894
0.1091153159773841
0.11440140798282948
0.08323255694845169
0.1335828030134876
0.07500648165872281
0.11790299635376754
0.05807669871035254
0.08278463317536539
0.0930832025527176
0.069077471871996
0.12805969413669877
0.09334233649301232
0.09939028958919975
0.10307836583352345
0.07477846959651618
0.08434769730055929
0.09657036791938187
0.11625275963508633
0.08518360506429622
0.09564887928158178
0.07935604010325538
0.0634530515171379
0.10327238733732008
0.09430448651045674
0.09274663070054134
0.0874102692991443
0.10683319184657389
0.1212010136968582
0.09522511257002085
0.10833416955546617
0.08754590796457007
0.1131663344229247
0.06785471519274025
0.08459956799608201
0.07141732484999971
0.10759097816161459
0.08744256584493844
0.07919762883508341
0.10955392632399388
0.09617691209860138
0.09537763217667658
0.11638275892342023
0.09067560959031656
0.10132670700889498
0.11641375144066982
0.10154686259445943
0.07035874517468632
0.10309350028363992
0.06255378856037272
0.0851581204102972
0.07673516059350692
0.10596371449138477
0.1027622996960827
0.10266461324218518
0.09858220339748555
0.08660606773103666
0.12061830338826016
0.10717509576449433
0.1039210225129828
0.099118738359548
0.11489402472386229
0.09680809427991569
0.11503963613102944
0.11102997915517185
0.12239563317664301
0.09898535337174956
0.05942043014139718
0.10506334155319919
0.10222451735273122
0.07265704761714763
0.09474748102320889
0.08985136816755761
0.06922360822113545
0.10765259624168168
0.10100525328125363
0.13132765025551513
0.10283783054623115
0.1025954983283508
0.11414789525372175
0.10404729885282138
0.07184310584333264
0.09445045997968778
0.09090212909482033
0.12018353077424306
0.10769402722588996
0.08814473148477024
0.10081052400467323
0.08739025630408126
0.092347663766126
0.09906661846359421
0.11372893371321716
0.07060263993813062
0.10346961351595024
0.09812877290814445
0.11047996805758345
0.0790408650185102
0.08935672735210573
0.08925550257619934
0.09201146760919503
0.0917859923833034
0.08264767229660142
0.08845668998069549
0.13188439592477894
0.09956841049484005
0.09359567280324096
0.13452533255685595
0.11806184249237599
0.08907784391511932
0.09937157418321096
0.12342487236031889
0.0980498846724722
0.10104118601300825
0.10823780337432737
0.0950025539763523
0.1401918904388666
0.13980504934272509
0.15029378106225294
0.09691659023364133
0.07908676830451031
0.12384771701262806
0.08211292817846097
0.08661459500683932
0.09438660885797105
0.08967103747907974
0.12602416894829294
0.09568848707586135
0.07249885638721172
0.14038534497588018
0.09885068573753662
0.1292813711958085
0.0898016546183406
0.10238187435791546
0.11132521941996008
0.09091627006012407
0.08431648267318935
0.07924789149378142
0.0867921967482489
0.10501428071600455
0.07185857857577277
0.12499057756646519
0.05431899769597574
0.11174251778972753
0.0756174926669938
0.10518685689109379
0.090949912374766
0.09358097276651157
0.07733744327475536
0.1202340468774756
0.10665400075995017
0.0626753498223387
0.07266137209556478
0.08739338477899186
0.10015052648267948
0.08887714490967723
0.10732262650518179
0.12474811076318545
0.1475955413737358
0.07321758071143351
0.08524072227856437
0.09909583519327497
0.11544671776527149
0.09307579187521031
0.12152351109559517
0.07877650059479913
0.12349228900526245
0.14534263163584304
0.12252074674616786
0.08625595263875868
0.10656168041111744
0.14525270627833023
0.04003940250900071
0.11408786750744171
0.0892422084452033
0.14686858445310835
0.11049063610368903
0.15077523613171723
0.1014737615250601
0.1101515668461817
0.120959892335159
0.0915307873702857
0.07143647566329515
0.09856878674220165
0.09722141239526456
0.11989836723494533
0.10444020429451355
0.10631898392035498
0.09319980479912701
0.10341615655939816
0.09405122293421592
0.13330370777504671
0.07913585755613049
0.09527413971983184
0.13091371377464828
0.08937825770948739
0.09026434748361788
0.04919601998023608
0.08729691422165385
0.044198152975545
0.10670320894239067
0.12658723947788406
0.0952915346374462
0.10901602485113568
0.15062967426952403
0.10116931533931522
0.09447773665805051
0.07927262573502768
0.09309461149224552
0.10579922457297586
0.11849753442582162
0.09738653055212862
0.11292209975403572
0.10040784100633189
0.09066967496040625
0.106398221521762
0.08246098534292083
0.07642676122359743
0.08545769248141674
0.1025995863208178
0.10645350509319035
0.09560762186536809
0.07855818997881694
0.09263633571020814
0.0732892956396562
0.10518883416625673
0.0671832913240619
0.08981259454456084
0.10577068233736223
0.13959633106561542
0.0903347176067219
0.08255729745679534
0.1080245924034152
0.09400199143727365
0.09943940173371767
0.08540993514443121
0.11030104778476454
0.103097217098104
0.08301984720444053
0.09778522570605787
0.09931544052642828
0.10707404997635332
0.0956094660758203
0.11219262467446155
0.11949562701057945
0.09718013124651083
0.09662630002540634
0.09587815391529628
0.10297291840718326
0.06730762244192409
0.1115498052657923
0.10066457126053592
0.10737029781472343
0.10025057069041511
0.10942965304708338
0.07823255893469641
0.08646021724021832
0.1004182492042595
0.10806185621051069
0.08915504589976911
0.09720089304497072
0.10277918076501037
0.10780377643705137
0.08212603555668654
0.09301492922060375
0.11019440024753857
0.10972245443736339
0.0659793425573535
0.12966576895689705
0.053111712073753925
0.14155770027686507
0.1020229800490932
0.10815465297862936
0.10411156715070703
0.10925633826114933
0.09468908257092765
0.08014023119948616
0.1154378636244189
0.08771517555899447
0.09871832754832309
0.16257269515449763
0.1148668858000852
0.11002872370478436
0.07510892799974547
0.031259584081418754
0.1210102634425403
0.11432681711688303
0.12564016479966655
0.08704022971303713
0.0949105946011245
0.08550501095586348
0.07901434562195331
0.1100017602739606
0.07452900566569345
0.09250847832160797
0.10491276767111414
0.0939809006673074
0.12171462677072092
0.06817141584962925
0.105528812545993
0.09288935680160192
0.10053697621226272
0.07927028056566907
0.09819235618513132
0.0961065670835027
0.10196256604818867
0.08315902918196412
0.13880863094460122
0.09437675740257546
0.09724410879576235
0.07469497296365539
0.1257938773149608
0.13385538369721195
0.08412067038735441
0.09109933845635627
0.09574431662770963
0.11279066384205902
0.045030761435092735
0.12289423145790654
0.13572637219355493
0.13855681985052606
0.07148668833628452
0.09094780649090688
0.08355655262426137
0.1215088741834463
0.11090934410184572
0.11184732104733301
0.08328221737802295
0.08429509037366108
0.12608448189895982
0.09928342555597676
0.09685182787823213
0.10091080128102094
0.11995970132067416
0.08244149985036975
0.10115110726036265
0.12888882210075325
0.09214885398323522
0.11903292933464638
0.09858744158978859
0.08870973576465077
0.10907616204090886
0.09480017928331075
0.1050422404890487
0.0664278405396734
0.14808189576593284
0.11638579929103848
0.06884946241462993
0.08642698885458444
0.09000474370452438
0.0654461714509629
0.10119553158101349
0.08493882127011478
0.09600557364865436
0.10889514696533821
0.11965927027969947
0.05501132025979896
0.08626300669878063
0.11002184644823812
0.10369978185229307
0.08873783320452094
0.08837158232170296
0.0935090972931587
0.11337499425775042
0.12278180260025637
0.0964266021618858
0.1461788908701111
0.07625508041502821
0.08718959237957569
0.09230249560227707
0.08600506183707267
0.08732765065764288
0.09164015875338118
0.12706950866018496
0.08436342279112086
0.09944969222790281
0.058196851831122796
0.10394074938982699
0.10189609225236376
0.10348675407852348
0.10599832311229926
0.12288833516622281
0.08145622120584085
0.1334315979662559
0.09685234897964011
0.09264821069394065
0.09895827049634263
0.08608682174463585
0.10120320473696202
0.08382184371098131
0.08476158900405145
0.06035563667184268
0.14955950528293332
0.05331782911328248
0.09092943230140862
0.09046702336715474
0.08214604179783304
0.07582801068313014
0.1256697848400123
0.09397489166874591
0.1047041037774938
0.1059962650783341
0.08226285416108503
0.0918704252320421
0.09410500109783701
0.12172094645724534
0.14024801428991623
0.12355804594116301
0.1199058566992324
0.10350238239668887
0.1003655986550126
0.09858905886845273
0.12886001897961094
0.13521049638242955
0.13390547470882216
0.09639348184814223
0.08227452861589049
0.09836981377818693
0.10649082007479439
0.12115738443830948
0.0819746500425766
0.07209455776203806
0.1285187024245058
0.09279980254767758
0.09959397215142368
0.09738522344664678
0.11002150129372178
0.1220066783759787
0.08407479408889251
0.052967488708349594
0.06616937240540119
0.0944774264243454
0.09576385367371373
0.10834646630530562
0.10783732737451791
0.1091052029346517
0.12637556573439226
0.10403777670114338
0.12307816318577529
0.05863983480500058
0.11348305203272807
0.11337544627419607
0.09730113524648751
0.11296097537111108
0.09084543317268755
0.10150251457383261
0.12224799731079601
0.10295798529077096
0.09579184509783126
0.09646253681241224
0.0940482125562793
0.09484991525827745
0.128263378821497
0.10254703050961744
0.10946342439889664
0.09403237211443649
0.07927477661779876
0.09335304938029976
0.07455419457556764
0.06271492608699403
0.0985456190848457
0.09800142992009013
0.12013532014829682
0.10547739226034114
0.06288134610100524
0.13617068451330727
0.12160891773042382
0.09822079103752171
0.10829281315494416
0.09205660815489486
0.09172658476455692
0.06908879206061783
0.10406147579018184
0.0979408055668532
0.13675621655169712
0.0931219518827598
0.0885675247425559
0.10413366151372923
0.09173007435072625
0.10446121928958198
0.11189916284023563
0.08768097098937981
0.12856194734533363
0.09353236838918738
0.11328398934817387
0.08416754081336708
0.09122909190897037
0.11665127292050484
0.09881262213991053
0.07651423505936956
0.11845255585603763
0.07408653763113432
0.10201744666384965
0.08354998841676564
0.08096411453490718
0.10539377138396591
0.08368637706849329
0.08344033300688723
0.08472227221692856
0.09975743041420461
0.09540029281449733
0.12499304243738457
0.12233854793063409
0.126321461840875
0.09786656170927092
0.08904469166675547
0.0788607905670038
0.12472908051542463
0.07467814975464662
0.11188141645496051
0.05386017629664221
0.10474174425269893
0.10789575018708707
0.09367824895478445
0.08897735090749015
0.09413564533303587
0.10085606957643106
0.07373894266147558
0.10281668685501064
0.10939199761272876
0.1093617151753965
0.12378473662802617
0.10864008981434445
0.08432995310767154
0.12438970125604117
0.09918469412178955
0.08807557389256077
0.13750995619558395
0.08713729993180186
0.13224203795220474
0.07796366381056964
0.09363623131091922
0.1193697703335955
0.13530852435024177
0.1050156092524761
0.08947137178518665
0.09385675129851677
0.10751743838563506
0.11691476867870787
0.06690628347118159
0.13050183791620795
0.10310588432489406
0.12097201474497046
0.09249681540325401
0.08894430360881783
0.10915743610332405
0.09885976863538631
0.08740393171326351
0.07812418354604536
0.10796833308341094
0.09050475779522411
0.14366845664386776
0.12135979397059468
0.09336683830663553
0.07507539263798854
0.08339222002582258
0.11018966694729748
0.11097247401250483
0.0832622277966816
0.07902097526446622
0.11119724667832294
0.07897655830993414
0.14425080470644336
0.10405235208454285
0.11214037278601448
0.09079171530639372
0.10948068733061858
0.11686804022024
0.12038107259599591
0.1468434901975634
0.09671383490989202
0.10227600136081762
0.075218956395537
0.08030951897693892
0.10167084786250874
0.10335441598333764
0.10146674977301895
0.10610435946901768
0.10945298801152185
0.09419312797415198
0.12193152423611123
0.11284530826107861
0.07115007491528369
0.10066691772292691
0.0892917740539652
0.07140918547157023
0.13247169422250762
0.06052125944709591
0.08933400832844153
0.11902726979274798
0.10788225511059506
0.11913155978705368
0.10435323672481567
0.09833447161883431
0.09770617957666071
0.10598160171211075
0.10774817408877058
0.12273310478865758
0.05771894821781872
0.07721524077727565
0.10093154337091677
0.10115214870544416
0.09651835869732615
0.1181891730283778
0.06450719041587975
0.11155347757679636
0.11175823285179287
0.0719231677435549
0.07714870802256678
0.10603538118163296
0.08800369230305574
0.05380323967212309
0.12427344727589214
0.12883367412429383
0.06042049130631136
0.08848163845726045
0.08463468538975014
0.11596652660136658
0.10743172968503716
0.11129295102537651
0.11168769676734991
0.11033780664282616
0.11085431455532942
0.10198575121018773
0.10504668433012246
0.14129586057333646
0.08739380792242642
0.10652456887334232
0.08785726095001585
0.09848424929552234
0.1493347792896134
0.09912418827593313
0.11680082071962865
0.1242601086367547
0.07783823685160697
0.12199182990405055
0.0993442279659056
0.06723750901695125
0.09759543934878345
0.09891645711580738
0.08901225889129055
0.12067418751397324
0.08468677016358571
0.05935189924056691
0.08907026396934706
0.09426604484294525
0.11478104891220528
0.13805467117602221
0.10729685629774473
0.08618661733076889
0.09225404063533585
0.09271570004815696
0.08404746033143137
0.08220922978253523
0.08571645685676933
0.09317038480578149
0.09879222857626346
0.12611481780675857
0.062093165343014144
0.10904030189644352
0.11615988427143488
0.06942139752237886
0.14217796298414512
0.09811944240100777
0.09933240024818378
0.11601767078096663
0.09363139962167677
0.12102410266418541
0.06793982672430754
0.10727090095129312
0.06792613742713689
0.08867667183034256
0.1152945217381259
0.0891595783640967
0.06943699089659651
0.06711256678399394
0.12418312661933961
0.07313079577874979
