0.10963923915504209
0.08811236716600654
0.08157039176758285
0.11981988215499828
0.12698079364148943
0.09866122106686852
0.08702567213817554
0.11116535681889055
0.07869136512529261
0.09877906173161605
0.09498763602588965
0.08781410009044344
0.10591091111032408
0.12169295480677558
0.11825380842461539
0.10108515587163305
0.09356272941484643
0.07451629195758071
0.09909423893930228
0.09019675773593842
0.11471518420106891
0.1416234641572014
0.12818641810896458
0.09485580364773931
0.10236718968125612
0.07745005932001099
0.09679634648087293
0.09222623561502395
0.11007951792042957
0.10420934691519736
0.10824776223750752
0.12804162958129675
0.07854884987169353
0.08901174321566538
0.11606879172808454
0.057802141807304995
0.093453389134002
0.12117263593481528
0.08578608165708661
0.12896736374721268
0.09911244523982485
0.08682554355718228
0.10158224149466022
0.11443625714686265
0.1157073948064173
0.10868507924406669
0.10529036128837016
0.10312492897397779
0.11107348825282419
0.12976705823211498
0.09477812689268648
0.11643766233270839
0.14829182382722103
0.10459157283818495
0.10747582460436848
0.09648295360702307
0.08411448808738911
0.155751066386625
0.1008788909404274
0.09149904220047528
0.05301438091951658
0.09668606419072157
0.10552241068888837
0.12343442517161754
0.12389156361551
0.08763976662243872
0.09629373249910987
0.08837966242584641
0.09899929751845093
0.12238651842626691
0.15801701405495663
0.08573275004967859
0.13000151823275913
0.043384352688589034
0.10416300455163383
0.07893300672689466
0.10828010260809033
0.10907383211589107
0.10927710785776605
0.11479656584381542
0.08205625098241669
0.10652661546965128
0.11358931650235271
0.10070999187648617
0.1230011663738487
0.08885458617131173
0.09897960456625977
0.09790232996167123
0.10328029252028424
0.11060853529667829
0.059984458497566666
0.10746177896495886
0.12283293033815285
0.09921295441965164
0.0947592162572967
0.0946600748200005
0.10322186603135138
0.09588986794176597
0.08108649938019148
0.1202179021781142
0.10226772115556992
0.09953641809040505
0.10668406296224282
0.10068648437724402
0.10387919523506178
0.09843328326524338
0.09874185157869415
0.10662010045702361
0.11135083392815061
0.09418643209206075
0.10888744854483577
0.09767076071176918
0.1075560523959623
0.08640831846018425
0.07934087219097968
0.09906881458146873
0.10301127789090432
0.1222551883821858
0.11222706700557797
0.13476784543974935
0.11127938105779457
0.11146699134148624
0.07470789941408008
0.10839666561850933
0.13655306935040265
0.11788165685954574
0.07575915031202246
0.12713779016433513
0.08726449431045896
0.08260362728320858
0.093603313287132
0.10099820938481752
0.08380069242198823
0.09224558421554908
0.10280392400421641
0.11041873774623844
0.1245647922739141
0.09397360956733539
0.07220899430578055
0.06497583568052709
0.06666833371426599
0.08257706477494142
0.10559996274485775
0.11297142249433634
0.1064833020136701
0.10041208211296707
0.12589460733242613
0.059068626138682793
0.09596377065690886
0.09324197205626147
0.06615164505985441
0.1294783566728279
0.07341711530209347
0.1091591705739217
0.08241841163743524
0.09532480083360315
0.11127558784085288
0.048580887970429136
0.07997319006032992
0.10228129826310894
0.10810840493146413
0.07669745501914188
0.08153405004545475
0.10225904286872482
0.11878253039857753
0.09869451037964848
0.07629212762512609
0.09818469360495775
0.11845259307807779
0.0999892555804407
0.11246373250573297
0.10179857790028857
0.10619924849767129
0.07310881247954147
0.10266698839880271
0.12869052421801633
0.1032274552520802
0.0969508151472866
0.08749396576670082
0.09565641853505483
0.09471276076401082
0.1025317125537422
0.09122264528023767
0.10506782907638054
0.06922438848086833
0.09645935789263128
0.1239373572492743
0.08966579668105698
0.1026215271332724
0.09684301529564371
0.1452327133685755
0.07477594586267637
0.09717038280792607
0.10618218812550624
0.11471811593593376
0.07797537059853826
0.09556568730833273
0.09413651120848032
0.057266250222469395
0.1271245129598893
0.05904419565312241
0.10351968002008108
0.06045844619429574
0.04372510381243838
0.05967251663503907
0.11128597008441192
0.09736072925872419
0.07918587824751633
0.10218243560767663
0.10102395425962317
0.057881726372080736
0.08625160812584683
0.08742707718478747
0.11223043916316407
0.06305098188360024
0.11364679474908229
0.12449105257122192
0.0832196533355072
0.1305412670075956
0.07384516208670534
0.10799545205064702
0.08707054195699562
0.07753579618479192
0.11964078357481127
0.11158678471704105
0.086142239062455
0.06952662071987195
0.1257363012341311
0.09485552548443334
0.12946003108911794
0.13237275106915317
0.09589847426836531
0.10394639822916421
0.11596532381334157
0.09727707351092063
0.09323607972821027
0.08766527689780731
0.09483029459636914
0.10238989722676425
0.09881067536551925
0.09766715289262201
0.0891236515366645
0.10053511686748469
0.08532985954265256
0.0975941618318471
0.13364615073410022
0.0847585764096696
0.07884637065468829
0.1341365462079706
0.09362385348425818
0.08909298059409793
0.10383566768984344
0.10815598197315844
0.09098433894627345
0.08568928188152766
0.0527358889442122
0.09922039414881874
0.12824962776280702
0.06895701086242537
0.07875801987687028
0.07322974344449977
0.08807521543205256
0.09475775019319005
0.10124312152580267
0.0859006816821455
0.10677561139719331
0.10370686890869237
0.07869736269961068
0.10155435363351027
0.11576523105195713
0.08812222110522212
0.10981780888789974
0.09586852600947321
0.11688164826591195
0.1155264535646495
0.10612404608717803
0.09463035925038882
0.0922589290641668
0.057611250212023825
0.08275977339431076
0.10437614417428875
0.08427142987699433
0.12372093857982018
0.133742854876893
0.06795528990915072
0.09646616681124638
0.08909179145138942
0.10454099963775426
0.10027617562114523
0.10009771864221549
0.08029431167455296
0.09402110183389098
0.08193151353134553
0.07832885753136183
0.11208560331224406
0.053732097840841014
0.13353504569024852
0.10151357717623975
0.11150268024872141
0.11013958474085338
0.08490538839746202
0.07973255276202182
0.0704404435896206
0.09765662625181334
0.09291731104203407
0.08135219244576922
0.13306716598592705
0.07847391536132295
0.11228228818024356
0.1648076854810626
0.05454890806095261
0.07637874796993543
0.08985028700414086
0.13463317890789747
0.10981796353076026
0.1276882420675845
0.07508986489716947
0.10301665013669764
0.13366684954157024
0.11426648107480915
0.11916187358338304
0.08190142763990323
0.11053336250393422
0.06988891444751093
0.09657594295927775
0.07144863022588138
0.0830630646589044
0.1101044941609734
0.13294502232450467
0.10905945560052742
0.08379648210394178
0.09521927605720013
0.1054519535330958
0.08574321830577165
0.09591893209333922
0.12083685711369767
0.08401005153762522
0.08786952698279374
0.09459803178305184
0.07690978943673138
0.09879159544679136
0.0813032594240944
0.06504255922810057
0.1019985419987963
0.10822154206892119
0.09129155384492592
0.0970836486021111
0.11746736894704513
0.09874101591999587
0.11477162965216368
0.07482685708313142
0.14096887130762173
0.08159597348062425
0.10016239074007764
0.0959511019444045
0.052545407516211055
0.11809478550250602
0.05898202750054719
0.11225745859957482
0.10629052911394044
0.09975801318635756
0.11099839605914565
0.06744896941939396
0.09861453457340594
0.10827428596621096
0.09066475087191238
0.08048766901080787
0.07854693663474553
0.11310383667398907
0.0820470576705248
0.08988153026783961
0.1047486167791367
0.08664450221806873
0.08894236128614576
0.08549901291447494
0.12844398487820752
0.06774635970823571
0.07527624495910057
0.14512975038815915
0.12396977453511449
0.14098451112082483
0.12034912747146798
0.09004281488879476
0.10319687046701245
0.10090141286189343
0.09712995053754496
0.09669005287624458
0.10357293641601645
0.13452020857642696
0.08773233788602858
0.11502795095801233
0.10953337000446425
0.12876965188205183
0.09058625297312212
0.10073590387635238
0.1017802001891422
0.10425366147596642
0.10232902008919176
0.09649838164967149
0.07027923630118635
0.07862577741779174
0.11994237826087846
0.14424859196859802
0.1184001992753153
0.12328841847607748
0.08761232673440776
0.1039948261122625
0.11142255192505168
0.0850960876334112
0.046928687812450263
0.049569706110283926
0.0923587423442682
0.10642549611211856
0.10866404651713688
0.09407117880548843
0.10113061107662193
0.09618656634765821
0.10608803973491293
0.14164066509505094
0.07484868994271085
0.08800581167638423
0.07411695857074459
0.09950453943024559
0.1004403620652661
0.08860400143006021
0.07614217967297024
0.10904541808281101
0.10762674194770906
0.13587180360325368
0.12271338936470175
0.05960266631395503
0.10545740532547007
0.12368369265141055
0.09363625852632913
0.11170708475799854
0.09050482920078723
0.13541673227203344
0.09196245727188149
0.1277907212934166
0.06589467848905795
0.11500131609457076
0.09962450626181464
0.10597630439607508
0.08376561004441486
0.10726841821662261
0.1274629586616986
0.09589859402580181
0.08862463273154364
0.12312528481934618
0.08811382610010454
0.12053688720929849
0.10891340838453495
0.08852713608476669
0.07133002550746709
0.09530214937400759
0.10323790478283007
0.13827276743441635
0.0764131301841117
0.09892998812865106
0.09248456633821334
0.09088790674461007
0.10651037984164005
0.10737404314036166
0.10468666155515087
0.10378985070803037
0.08390270823762636
0.07824548735789172
0.11204751001108497
0.1356257962732309
0.09524398766589606
0.08684101466278787
0.06791108494500861
0.07506179497077224
0.0864754176765762
0.1186671585105857
0.1250714475129328
0.09855147311001992
0.05023654622204989
0.14408467377720688
0.09274109626629677
0.0787782565607082
0.07813767311977969
0.12436134190154069
0.12736124461109438
0.1177781233735749
0.09215529997460098
0.12706451420262743
0.11514588279372356
0.10902150945987713
0.10473783757620822
0.12548467597201676
0.09744713981156015
0.10904214286454962
0.1161359821171937
0.09540204883245483
0.09745216231315161
0.10764013802854959
0.10091865011137804
0.08909981862182244
0.14710638751784175
0.07999224113457479
0.09301296092763088
0.10916417364372541
0.1093703703389206
0.10166917275483045
0.06676823914075583
0.11781343616835122
0.11558743245880944
0.09962857061701476
0.10076229572308887
0.08981082924483201
0.09238585186576379
0.08796348854000578
0.09824287565855938
0.12951062822940385
0.12254991327380742
0.09758135555246494
0.07104218272707519
0.11036263735346163
0.0569302437723833
0.05838406132572339
0.12702430788226113
0.11144050180984619
0.1067742153797995
0.054723877015648605
0.0835993165244644
0.09569172991613492
0.1461973966392513
0.08120733219364626
0.11832770385385975
0.09505970577821748
0.06380801842804713
0.03791299903285746
0.07486476296610646
0.09191892706610261
0.09925449284753983
0.1333652190010929
0.10708187121109514
0.11541165783340696
0.07109871014635184
0.11262297696167274
0.10959500952451728
0.07671669447324683
0.09035065109411272
0.10628525748822477
0.0874958950082877
0.13619147009781796
0.11990898453684133
0.0786282622356395
0.09486874000650573
0.11554988609323774
0.059743637385832736
0.10792209675273388
0.1066182801863251
0.10785928965158824
0.10016726013844132
0.11047878841500136
0.10764977877932516
0.1328993256772784
0.09796287443797756
0.07086799803508417
0.11384494143728142
0.0860592256885311
0.09078191427244066
0.08114523309370944
0.08196481436557546
0.0943936131452875
0.10873754043564784
0.10919677679487874
0.08401772494582473
0.11075503964538067
0.09195783452823279
0.0951398919923723
0.08116956396022801
0.09184780284904587
0.09239390326203487
0.11786544670448605
0.11005593100280703
0.05196472755659589
0.0934188684914805
0.06770325068638139
0.03475569111775942
0.10562207082655072
0.08645596868403213
0.1309639490427051
0.11828667456069608
0.06819618672939448
0.09834733633489605
0.12012157157664191
0.10144019365877989
0.0958434798455916
0.089439332198936
0.07959004942202168
0.06519950541863984
0.0879249013449885
0.10241970522744476
0.09517068840397437
0.09037196057817816
0.07701495533553335
0.08517939531200247
0.10732145107966568
0.09468565535889195
0.07993361856489464
0.10789965888351846
0.097114661682996
0.12327957354489621
0.04801663651646748
0.10614656098858542
0.0834396927030029
0.10723746145423307
0.06861860309500466
0.10689535173591264
0.08454003090100459
0.11050371290807556
0.104240260244161
0.11864779426181693
0.09688472864961414
0.09196276757904806
0.09026894986924727
0.08014360220643141
0.10782004839843133
0.12060603592236292
0.10821797467354785
0.0629378324222434
0.0816695829500912
0.0803903502552915
0.06907801995901079
0.09062279351842009
0.0689322268935593
0.14318749588066418
0.08356960328699409
0.1137022847872285
0.06020360721173265
0.09998739406600896
0.1018542230558594
0.09268463881521587
0.10318415448520835
0.10920506064734023
0.10551663613208113
0.09692087428397901
0.1003440531772758
0.09914049483119365
0.11980301672787771
0.12372998064673027
0.06736604483545605
0.12235356271279207
0.09163314705602792
0.07413373694961409
0.13027586875589808
0.12693788338400594
0.08045129164867383
0.08773567473244502
0.09221994928189098
0.12809366300074176
0.11090533284322782
0.1076357164475042
0.10224093146166364
0.10652877711051412
0.06186481406880402
0.1153416874278576
0.10281471916764215
0.09438194327669855
0.08783765218204176
0.09960922805215378
0.11381876500269451
0.1233720572674503
0.09584038056691076
0.0941499069168144
0.12097068925848141
0.110340722859126
0.06446362212138254
0.07825198665417385
0.09613989490291724
0.08533691079067138
0.09838515172213856
0.09723672987682118
0.11566176519560832
0.09377955786217801
0.13356095163312495
0.08663814417631546
0.07780444374715859
0.09295140613908633
0.12360447701824194
0.10602231854603598
0.11531311308883506
0.11621125814684936
0.10713548319596525
0.09283243149956359
0.1214070046111049
0.05732342860067387
0.08353303315325569
0.06921317095797541
0.08796410293271904
0.059833454293019554
0.06933005536006101
0.08302749299657528
0.11831877499535189
0.11435924868924478
0.0979733067114792
0.12622589720657507
0.08726320119883318
0.06247874325847132
0.11662660132162009
0.11486818123660483
0.12293227958002272
0.11791959472030891
0.08710060840337144
0.12987335205020165
0.04305319664181783
0.12290159491139709
0.12595073541146917
0.08096392782095857
0.09634954961509451
0.09701419137785715
0.08520127915445502
0.06370900305787974
0.09721282476972923
0.06130109884433689
0.13526338861062312
0.1289640616465633
0.10557541704044189
0.10286794361201942
0.12382351035974583
0.07670909363055492
0.11513172288347992
0.10190865415191373
0.1099042641112298
0.1234931693946105
0.0967041873305112
0.13052251379218138
0.116513206755
0.08980325596871688
0.07737472100644326
0.0945753213326619
0.05665403859177936
0.1182918730032341
0.13678722328534765
0.12494984434997539
0.10319194427798963
0.11320051125819752
0.088255533105277
0.11630769362424521
0.09329669852277825
0.10195187147893611
0.0693984507500386
0.11502224479834011
0.08046504702807616
0.11412290192416559
0.08952477410636325
0.09164642726214857
0.099828727253711
0.09651228171449995
0.11288048462656927
0.14533823346532768
0.10942775430022182
0.08543911302346666
0.08023168864851257
0.11726261396598678
0.0836051073895998
0.10697410630255517
0.093629011854916
0.12192260657973829
0.11924754416277447
0.10105674161055826
0.09113222380950187
0.11746615996155102
0.10143523763581921
0.08110707455479127
0.04435928243928502
0.08694150399657594
0.10987729421081015
0.15546332276615332
0.08558499392035311
0.10508974244354935
0.07801896835095329
0.11422136744646769
0.07324816265433655
0.10284650932550629
0.12441776035161918
0.13668718096143828
0.1369100360943554
0.09105073877281968
0.11436784709898758
0.08605221997105099
0.0808593940605523
0.11556921067058998
0.09303637704776549
0.1120777055088849
0.08948071213862337
0.10002927609971338
0.0896969449872071
0.1037254595289672
0.07720710818833121
0.1021867152757004
0.09755255149164094
0.10576075239814335
0.14005481161427882
0.09642896906440698
0.11143962978706232
0.10475391470833889
0.11536946436070321
0.11771586512600103
0.12362594979109581
0.1216380501181761
0.11366776227109852
0.06538613280294345
0.12277898288466896
0.09540460840592921
0.12265847554689213
0.16596871390094015
0.07809320221464465
0.11805840893117371
0.10139439840901854
0.11084835532790774
0.10298484571800735
0.09242496835882917
0.09863318393302196
0.10588611932672953
0.11372739710648552
0.09396670132849012
0.08030230273396044
0.12572241126368555
0.09206272108100252
0.06872632619908033
0.08103041517093713
0.1098573997429561
0.0822431081180657
0.11204026169237336
0.10782857854378566
0.08926378005918464
0.10654198794141408
0.13667933475001404
0.09183091363243692
0.062156152055514655
0.10515137734837235
0.10866764515817631
0.12094032004230205
0.10722441697247471
0.09149610523431002
0.10645587883503192
0.09418181533363311
0.13014913433679004
0.10032047776497889
0.09198323325862633
0.10111782039594751
0.09091622464796689
0.1290908629490498
0.08671273294852602
0.09669493315481952
0.09727399468658239
0.12264716290032537
0.07358009993796505
0.08756350041277343
0.11565892762346114
0.08991364588612893
0.09393809075972936
0.09222004237201667
0.11849561258886979
0.0893101674592467
0.09396497110793772
0.09089516127963793
0.09250004274239898
0.08542355719623133
0.09141431297537317
0.10855304935320034
0.09469298411462121
0.09479667227473891
0.09560948753561932
0.13083616740714182
0.04825412640540748
0.1182351023457325
0.096042190834202
0.08418837012361652
0.09839084764634759
0.06864019842362121
0.09611529881829757
0.12503144799109578
0.11658419927550284
0.06862586028710516
0.04232433610276142
0.13826145559269604
0.11006189406945241
0.11113277860649155
0.11600588320923275
0.12003365027773094
0.09549939770304047
0.11992072120967803
0.11078414486562484
0.10615784519071181
0.12367761268466645
0.11946027337193801
0.086827353509825
0.1084959648421194
0.08015908230123153
0.10061637383836851
0.14555262235249505
0.09069953350778671
0.08381616900303282
0.11204362598365854
0.08389845973202373
0.09329472268391961
0.11500753872354104
0.11782134306397225
0.08506222459033089
0.1310232209141506
0.0827609886381631
0.10707357425879942
0.1251423544319164
0.12181201771522612
0.09748179814972911
0.11853734868435145
0.09787686503199397
0.07933729747612576
0.13972441317265058
0.08351690700896996
0.06418866350876379
0.07731878824319774
0.12160025735993482
0.1032638509709676
0.09563238311891173
0.05912232424300673
0.11860427283802563
0.10969785010009281
0.09594199859153059
0.07798627864706853
0.08277751319255065
0.06495885488609635
0.07402762761817663
0.0686032836220892
0.13156834586915903
0.08548744272462358
0.10909703563053103
0.08167938956419202
0.09194797348175134
0.11741613942997237
0.050054688884878754
0.09317197999326825
0.1185496418600965
0.08856201431039469
0.08174592423691068
0.12415768922861535
0.09426411424903083
0.05535413995048083
0.09733296458757423
0.08512439995249152
0.09106328015306091
0.0938596985704827
0.09678621431718626
0.08438146677940417
0.07128946166366518
0.10269561031460463
0.08433060601926402
0.10680915434299566
0.08647526108013383
0.1187002955953595
0.08842961127593366
0.09049086524592423
0.11699246911853652
0.1073304706525126
0.09832387553101607
0.08931036396796788
0.07396961926666003
0.1038360960784513
0.07545955906479669
0.11812499707803771
0.1007655254652797
0.0906957210828716
0.10559078662719129
0.06079765106138032
0.11318535968831013
0.11333372320890607
0.0881044938556215
0.1351157067608483
0.07582195595464283
0.09702464742573051
0.07499472552207022
0.11117061491687623
0.0996228840424876
0.09739159754755142
0.10184057185304683
0.11863322766405825
0.09789746909854367
0.0829234105810763
0.0860628198358589
0.11522995273533554
0.13314496571436435
0.11891924906132634
0.11982760466461592
0.11142889975358841
0.120224898942501
0.12282023477239246
0.11496598034921951
0.13102516204524045
0.1007653472913285
0.06026133443501054
0.11330798348767596
0.07986039843896654
0.08634131641244006
0.12109939836068796
0.1098045950137908
0.07522001323714807
0.08944357097326486
0.04062598740632368
0.09617135178321344
0.07586104296360441
0.1229513642148599
0.11580413092652472
0.10023793462235657
0.11033129373906936
0.08614703744020191
0.07945979723133166
0.08531142446043895
0.06497197024344059
0.10650352890939596
0.10356867183515547
0.09943025597369562
0.11759525144724665
0.10780088980218808
0.08559191420969753
0.057295648956837676
0.10819546710684672
0.09721188782854034
0.130671045957728
0.11342731287543925
0.08279632713366779
0.09237656239055671
0.13876662990504002
0.09130876380202765
0.09348033245001479
0.07573252512185072
0.0924397599098179
0.1058557722901477
0.07139354885785372
0.09740048319613011
0.12325905524855549
0.1474708122715789
0.09514979054611462
0.12667732764603032
0.08535993297617255
0.10684206901103965
0.13185345696105258
0.11271203475248447
0.11696896277154407
0.10303601599477598
0.10657238484533078
0.10911845144391301
0.018844188174830315
0.11758933323229734
0.08741617893851264
0.11233420160080426
0.10098281175718399
0.1036498500309525
0.07933403183824517
0.09434960288521553
0.1523952350914951
0.1112988043408158
0.13079570063223367
0.10554935842936009
0.09300047263870474
0.08970417678102233
0.07799396340932149
0.09930226156368202
0.09165534219440807
0.06557204540909894
0.1277897247983724
0.0909001430390515
0.08488302374339447
0.06963530820971886
0.08261995690726902
0.06631937434323525
0.12849399620074725
0.11912837429378503
0.11104587388109999
0.09991689052082448
0.09137346512716374
0.02595377027705767
0.13219481716525797
0.09160034952619653
0.06738998002790345
0.10031273643359237
0.07660990661309933
0.06996842503353255
0.030370108306001425
0.11915410500713522
0.06965417520415833
0.09486613772435526
0.0936480480884968
0.10922931028203185
0.08878318246239988
0.0779612939098551
0.09898656572580063
0.10363383374387666
0.10978400838697225
0.12383948006599894
0.09815053992227858
0.0886798664792902
0.09607316192936351
0.10444668102086749
0.10030575610943367
0.07674144059003996
0.07630083017413417
0.09112362099049987
0.08517841867638049
0.08213075516905333
0.09006529817463682
0.10504008734874316
0.08254543599581607
0.13610482460761233
0.09026101637461219
0.11417943244247525
0.11854241427997408
0.09022226298117057
0.11126619334022861
0.06585002738870495
0.0972072073159565
0.1461754851378074
0.11529668207832736
0.13550550451278676
0.0877683486092467
0.12416926536574727
0.11055857838041067
0.07534610924614618
0.11387652583914835
0.10275896187524498
0.09559712807754339
0.12186864714069412
0.10034169738255813
0.054717100969162574
0.1123251918876067
0.10092792241355279
0.06861231781674387
0.10159152998878931
0.123091088447378
0.09091365903711107
0.10702136509321586
0.10663863237149383
0.10008521003776458
0.07821799168049748
0.10170227068525273
0.11739675700841609
0.0990634804831559
0.11649390495358623
0.11706431412333593
0.10294404309149184
0.11830066913977333
0.08550318889120774
0.11938658038364994
0.12547073883772134
0.09781691844671274
0.07502428124108879
0.07292626807734731
0.12405704789082932
0.08832976126312367
0.1255464943656423
0.08669776511324925
0.10479314628788651
0.08189008499470378
0.08051061401791751
0.11892668238642773
0.0977712646596532
0.11591317763865697
0.09693323119954561
0.10774078857092279
0.09359110115406269
0.0796067209301555
0.10933928107954509
0.08776116276191817
0.10566236092245763
0.07986368711565135
0.11992543156906799
0.09906955169847607
0.13710933009854445
0.09520120095318628
0.13810563169685725
0.0805901546137052
0.11236858964006637
0.08204914796217994
0.08199317346781936
0.12240823447144156
0.05791932333926131
0.0952498300917834
0.09651292851481891
0.0765684530861086
0.08001231591780239
0.11861883843231123
0.10070498706444193
0.08578984455524488
0.12473553373150292
0.06113775709588867
0.10883520285704251
0.09372146059822323
0.07602631185479015
0.07175613947812937
0.08009173760937778
0.13418456160359646
0.10627155300459425
0.10127266185830046
0.09886080020147657
0.09018908215568638
0.07130977186751145
0.07769617469207216
0.10509323528874209
0.12557328528233933
0.11665765413796471
0.08751785144098258
0.06697796724179274
0.06421420907769673
0.11850587170869234
0.07915941156354242
0.07449848216451183
0.08421661434313285
0.11078366202896378
0.09600752042725477
0.1229360359711453
0.11885250717569447
0.11266631293858151
0.08413295460656638
0.10148237069026655
0.09499739866885769
0.0848776200297636
0.06492282066205826
0.09987533146120241
0.1116289427979398
0.08312441694940846
0.09606290280666195
0.08070708768559781
0.12368797366575118
0.0977736180885069
0.09473017124334146
0.07178163385470865
0.08715223716935246
0.08510845040129981
0.041104593510578845
0.10269657956068472
0.04897833569977263
0.11535724291872576
0.11552064113580635
0.10573638072914797
0.1254997959837701
0.08751381721300157
0.09140425072780557
0.07942900525702043
0.11442516637677264
0.12782835207941998
0.09309258370019276
0.13409582370902912
0.09804757930539434
0.13483131554643624
0.11261480445717201
0.08912492489070947
0.06420696167014556
0.09718513781296817
0.070794419089348
0.12039392141146221
0.11232125758609066
0.055374649923616244
0.09279450096654329
0.12886554753033147
0.08953075958717296
0.05386588768510142
0.11472549852633297
0.09069307490871967
0.10721558718394568
0.09138270347075587
0.11527552131911466
0.07141039778956995
0.09502258463967773
0.0860823455295655
0.10248906117458197
0.10160077989044337
0.10198812976185946
0.07573893169057858
0.09152837080443182
0.10856709945336038
0.0914797990229471
0.10589684481312671
0.11173051112152955
0.10056818264054315
0.12958069809840178
0.037224823414110264
0.09081582275558608
0.08569821562964788
0.13505752826514855
0.1252487308236022
0.1253903597554406
0.09606412559937842
0.11537960711050084
0.0847825211897528
0.10249308708459905
0.1027171072411101
0.09102403756096425
0.11946703138671898
0.11757722095207668
0.07873954851410593
0.10445261558107524
0.08701352346159529
0.09337991090136369
0.10200999691630121
0.09988689838924826
0.10608096132648612
0.13526451120217758
0.11711150886529106
0.12572590160142236
0.13287173128267252
0.12205121547400671
0.10855432920532246
0.10151880470496526
0.08241723127110637
0.13220606851149622
0.08106806375425665
0.06698119358276736
0.10317559195026683
0.10199877869611013
0.08562839584806907
0.10275392859873989
0.09005213155093192
0.14350517422855463
0.10488546519220807
0.0894518488100583
0.13391938890265004
0.04785381254746709
0.0537744923474276
0.13716728294475306
0.08870937787930287
0.07119398205143711
0.06812957597169444
0.07590664102690615
0.07403566878787028
0.1012818523426835
0.0950080505422047
0.10249389168672268
0.1052597278271922
0.1202711804741598
0.10467661169816288
0.12127380560639098
0.11041616001761652
0.10605322147308988
0.1296447786335725
0.10335338372078323
0.05591646021991145
0.12465724064264266
0.13874946625155288
0.11963294544353245
0.08236876385447572
0.09897106188627537
0.12565538999249
0.07404086844480848
0.11620679641120266
0.11156273171742742
0.07891456193120322
0.11246077354991657
0.1158221087909569
0.09340399630575054
0.04846426251269627
0.11613827119916142
0.12278096077385668
0.06578638611520381
0.09934885990585485
0.10705731256810853
0.08496505983898023
0.12345737284469706
0.10120854042688021
0.1058728674337628
0.13798370167460314
0.07784843078116244
0.0781109962744069
0.12256051168603727
0.09141806457938198
0.09977735203120112
0.12600550489050896
0.12352777801948356
0.07089145872129504
0.1439119594339102
0.11116749770608836
0.11153591059176239
0.09897612495454435
0.13798647295745103
0.05674245681995286
0.08149369400413971
0.0913227421320041
0.05495379680912816
0.10519371125477425
0.10867722267028981
0.1048335107653449
0.057169386319288897
0.11196499693434366
0.13623860103485902
0.11962365719912432
0.08793356662086037
0.08862738080567542
0.10281233789451359
0.08914234699333547
0.13170707224448064
0.11347003372078217
0.08194235398844765
0.10395308605726761
0.13062420831371058
0.09729208833235287
0.0968271922575477
0.08887536893703253
0.11470512649329312
0.11142214040736333
0.11688225427505404
0.08808331280558093
0.10502543741752311
0.10311181367501694
0.11045322673678654
0.1108300742383959
0.12343202707359768
0.14470654284383383
0.10465174739966723
0.07535522120384486
0.09756387011592918
0.09678024235472515
0.08715801446053277
0.09505055926885844
0.09791060311591576
0.10531805673741315
0.10376770607312466
0.13637708490926603
0.09282207840270856
0.0994690265636977
0.08982579957665565
0.08336817961469971
0.09752397604200343
0.09512595166713163
0.10979901245672255
0.08645793779862529
0.1229676085042225
0.11680907114814691
0.08813597699476966
0.13300872573068095
0.08190835855464769
0.07084454577728307
0.1006705191436231
0.11226238568094368
0.10317041777947582
0.12404228130848843
0.07743168298540858
0.04975917190868167
0.061449118928179176
0.1057298554346512
0.0931878776665108
0.12516200596250363
0.07154747978686696
0.11340160858782597
0.08128418063569776
0.08992554924445208
0.07861804080703291
0.09858999497988773
0.12727982250380787
0.07580062975762795
0.12430101619602858
0.12182599870089131
0.10684988893775417
0.059043290290133964
0.07981868981433002
0.10138600976086268
0.11256191543361056
0.04496602928768845
0.0948032706589105
0.05919248985447761
0.11770807604651798
0.09486382619128594
0.08691232800195953
0.10653312365677928
0.09526526424913635
0.09362420950512278
0.10008107777508563
0.10079992114888628
0.13768870116204
0.10700728630983082
0.05948742264610266
0.07886475634335482
0.09037300882992516
0.1382051197112732
0.10949681362650245
0.09771659957190314
0.11253030115321387
0.09811548539621717
0.08564275260107165
0.06130452834824426
0.09041391319159248
0.08622778955510117
0.08945430931411932
0.10360895407363617
0.10281167630643523
0.10459710172205483
0.08407695071223259
0.08988723292363288
0.1286947541910313
0.09460145263681556
0.10084874537394425
0.09404035010776578
0.07561404447202026
0.09159694626304715
0.1232213702822153
0.1181181423510786
0.11177118237687524
0.0844541893263957
0.08892370196496023
0.10462115415669021
0.13694992730701114
0.10922556823601201
0.06618369486753718
0.07772213783915916
0.046926385269332155
0.11820023840882643
0.088727864166042
0.06902477286411374
0.06420070247825563
0.08222775721993925
0.1002558414941704
0.12331335274765484
0.154296983902083
0.11594387059890428
0.12187548666010488
0.1239786195243692
0.08686961055259057
0.0966086729842296
0.08962272165045537
0.10570058069482106
0.0745298226335542
0.07700824950767077
0.12641722295318006
0.09315272163449864
0.07943389526478574
0.1059204036054959
0.055547064276887395
0.12139165026321772
0.10252648413971295
0.12013422569654497
0.10880193734723674
0.10967869447711734
0.09859925909837768
0.11335357320688405
0.09138819025462955
0.09530545461125771
0.07599054961534024
0.0852341187502246
0.06454277815246051
0.10549897053789353
0.1164788163874612
0.09550360939218916
0.0987094777676309
0.13345243946194832
0.09630565009426591
0.08993348344181912
0.09617239451022215
0.0894994679166287
0.13329201906773921
0.10492414527967166
0.14737341458151187
0.08879292603594169
0.10133234238999242
0.11059124050853636
0.09554079720492317
0.09645310460413313
0.08314058590018264
0.11603170210454128
0.09626874514160103
0.11472618628280983
0.09120229160180104
0.10602916109906245
0.10344176017084142
0.07112353378213351
0.09704733665434757
0.11284072586404155
0.10598937172871846
0.08204347845067306
0.10493813212660986
0.07929878378992176
0.06588479812988891
0.10525057287044925
0.031696230332797254
0.10274665602124082
0.11462935622675964
0.11607408051181002
0.14687632131413975
0.10754256785260673
0.07150115252149392
0.0770987227508747
0.0934123427538925
0.10684773440329633
0.11433859574934362
0.10302846155182312
0.13254407322830755
0.08718507417723645
0.08569701041152686
0.07871570369024364
0.12238943322655231
0.09463045270395459
0.10123925288918334
0.13275591504403236
0.11872465822808823
0.09457644852937298
0.10414290073559851
0.10755006596334905
0.09394394120927466
0.08351017442073483
0.11275690946482043
0.1160916155667798
0.13105175005827213
0.07272133411229384
0.11434092804995499
0.1152565645823764
0.08862124652899629
0.11814417333302911
0.08784159742640187
0.10642997132949267
0.12386271754916847
0.08545755849419422
0.07900517492682264
0.13834912217365578
0.08958499188769581
0.08242309249269493
0.07070111683156105
0.09237703825569259
0.12206632125473932
0.0727056967987233
0.08300163320449362
0.07808050546286686
0.1055871082741261
0.07729495664955832
0.1098089946964022
0.10493477403004307
0.08684252629967584
0.10047153713765623
0.06089671471614213
0.09847830130389972
0.09918102795095683
0.06978744513898719
0.09591242415062597
0.05590707259360469
0.09611697046216044
0.11844825546655426
0.09548871818452255
0.09043976716916659
0.0954189257106153
0.09147818718708038
0.11627076430981977
0.10382850624327208
0.09380108414310713
0.09562549527914191
0.15571644506248955
0.08713353957294294
0.12819854120164925
0.12493718395524939
0.12339666370634055
0.09451987553455372
0.13845520718230284
0.12230708223046247
0.08708451201757134
0.09911795567602788
0.11961484712779837
0.09741552572107583
0.08419882179135177
0.07867191590840222
0.09204572328012563
0.07371013999486295
0.06589373756332066
0.12582487152407856
0.09282457792712845
0.0988018229206278
0.11380498164944067
0.12495722872440744
0.08558607584064103
0.07907951875431803
0.09883562520267833
0.06834535564465853
0.08725164512228209
0.09611734027377747
0.10376531118547318
0.11771191907783887
0.10514761806170532
0.09892194698414143
0.10773433521412527
0.11299597706947573
0.10817368320786167
0.09478207752889262
0.08296244312180137
0.10839450173283795
0.0605842095081415
0.09970139390674339
0.08355143007673296
0.06787895139654788
0.08313027910171472
0.12136781779588501
0.09591436698862366
0.0569945951133939
0.1194356237937031
0.08143921220793529
0.08892572091608207
0.09276919051787143
0.10162935029789595
0.09834128997121638
0.05893323860316454
0.08539333484220031
0.12113654082519906
0.11140853770632894
0.07959067909021694
0.09971309960338481
0.12250017568242466
0.12056392253502118
0.06624193016989552
0.11780692033600877
0.07469263691056965
0.06328513315580807
0.1416524061465821
0.13407412004445646
0.07393137498284257
0.1010368849599309
0.1170855228461807
0.11383626609694808
0.08103831624362784
0.11414794614546647
0.10422229656725317
0.08821304979936866
0.12001783404973448
0.09405005272077978
0.12288748008058256
0.10421797102090154
0.09775853576083378
0.06613271146418159
0.06446060882329711
0.11336856808708817
0.1069793118328184
0.10637379421495485
0.05691464444086185
0.10442931739603584
0.09762812975044012
0.10356512902899097
0.10541794298257424
0.10706960349243835
0.11160452402192644
0.07507262060343502
0.08817747961414653
0.10835152021053637
0.10332919884674528
0.11340693129632463
0.11847204374011543
0.10820901804646169
0.10457933852154869
0.10636863625579311
0.11752910122398001
0.0789981455321414
0.10032369670242729
0.10806342641686166
0.07574566464480316
0.09008241213644766
0.10353925056679485
0.0939023187032759
0.10470968974148757
0.10479480708998046
0.06139676804786779
0.09636499452017681
0.07421758161129557
0.0841973246655853
0.10024351742855593
0.0802226781933692
0.09591863141348071
0.11772213569334616
0.11446725621271892
0.12846866269196255
0.07795141470756034
0.08129922362553785
0.10956963449637054
0.1119146354611541
0.06303655728041427
0.09378886451272841
0.11614567180536567
0.10843103452464722
0.1075957239333612
0.1023889301850213
0.0753872785007724
0.11195627302924836
0.11385094062279624
0.12769738185522958
0.043331181756771364
0.13724980925725505
0.10307851156408432
0.0932024448935334
0.11111478395226261
0.09999267618877905
0.08912156227144018
0.07909111522670553
0.11637157257600844
0.08834159992369975
0.11110483361043953
0.10259916610534538
0.09086756098738573
0.06888548423273708
0.09966208700637325
0.12580104860749175
0.10509408413032757
0.10856482667500303
0.09005347291389962
0.11370448551626418
0.08906752775785813
0.08448197754970747
0.128075827205639
0.10631027906923708
0.09382892174366635
0.0855674808254619
0.09779332405656939
0.08626687368988864
0.09597811278869356
0.10167224161743833
0.1142170063173074
0.09395635845240874
0.1206768829278986
0.09861536901468154
0.08786461442888123
0.0834374266843045
0.1105551050351257
0.07111956172989414
0.1066177411259642
0.12805015310514517
0.09170759971283082
0.1050304634326953
0.10351830292599776
0.08790960766347333
0.10543009719567122
0.12929115341424086
0.10188651959700548
0.11124145953654906
0.10526738768486643
0.07664603350464291
0.08185487244168058
0.10699553446909796
0.11896481896160163
0.11221729867218287
0.10131826547100985
0.08383022137657936
0.09919262418012824
0.09525659897237009
0.12087827991220623
0.12837422824887487
0.08164053877726801
0.09553122707931735
0.08744365470643697
0.11803451380303502
0.09906300509602153
0.07875166152236358
0.08651812759190855
0.07470249205960584
0.15534562619091347
0.0828722130643777
0.08336383642641945
0.12255077686525419
0.10981227163080287
0.04902939296314088
0.10597445538968438
0.09300057643732983
0.127811658269884
0.10092965775901078
0.11125504850351085
0.10385082680147327
0.07737745217535387
0.09374121436708947
0.09430032453694528
0.09560740581802413
0.09067731063823195
0.10356791522684647
0.11299677397232213
0.10064221920258876
0.12628034661957385
0.09880835763938067
0.11148662721025578
0.11563814120579195
0.12870113786301568
0.10699927993460669
0.10875835967706356
0.07149772422574166
0.08211597407896223
0.10812673196331507
0.10276829655175562
0.10185908900636116
0.10457857598829487
0.07395369823197874
0.08801999698777174
0.09020649369252413
0.08508395053396017
0.1074158082002984
0.074529212659857
0.08602016949228959
0.09465051755249448
0.11107350685608391
0.058635298464821795
0.0702909039921861
0.0723503563739074
0.1360606110999157
0.08675517808945708
0.10824891234767611
0.10639247137601045
0.09376048163648135
0.12752944311609857
0.1051291277669111
0.0987968961395583
0.09619332672258399
0.16493850138438837
0.07508746113234456
0.11149196815742432
0.08278056992641256
0.08989859528594082
0.10225815344752409
0.09955000201486634
0.1061097710337719
0.12597853980324666
0.09431282507195653
0.09978163583577317
0.08765820086463974
0.10993428972317176
0.10936721443055075
0.14524900312974098
0.12360858100272516
0.07053170740530303
0.080768173722122
0.06795753617494475
0.1000397392169898
0.10750006994594836
0.1336075438535469
0.06898030620012896
0.10063402126447783
0.1116368719371556
0.11276084589202552
0.09997523938068043
0.12809719273976028
0.11874345242795814
0.11375057872976656
0.11833982321770625
0.12407079735527628
0.07545937513494641
0.09210315137381703
0.0915483931459251
0.14274514214633177
0.1056484006213814
0.06791503918083625
0.11981611629459371
0.10263330091869986
0.06022115726702484
0.10698248599112245
0.10395835123324566
0.08468753238146708
0.11183550586378616
0.1035058810225606
0.09281928297901207
0.11886004994838964
0.10384160794202613
0.08927618686552226
0.08996405688380321
0.13591613811033673
0.07972640535107142
0.09182935866650128
0.0925206856212048
0.08692329751018837
0.0950066406377089
0.1611398995532278
0.09931431775500739
0.12201069764776035
0.07629272325708059
0.08998226982141493
0.07147431202775731
0.11062939688483757
0.1078482179151565
0.09271202342870453
0.07143556970163867
0.09911822937395005
0.11108994703275957
0.11708108269859455
0.09935211639848261
0.06841811555028214
0.10172261206285242
0.07335223122183061
0.07019823023949615
0.1254534147278506
0.0886264950928831
0.10803583608783661
0.10456323868989208
0.09502476260845373
0.10742227273505346
0.12050690524779295
0.0827574606169308
0.06325921293416423
0.117037126732052
0.12785701042096675
0.11068709720920536
0.08825063479232423
0.08472978921746317
0.12793141956010495
0.08175601469846988
0.05927134180792992
0.0867008140887595
0.12207601867308114
0.1174912346741021
0.06829834959746386
0.09916979130995966
0.13320261570416134
0.07941799454243859
0.08392798535386353
